158
2 441 250
2 286 312
2 93 309
2 97 308
2 197 305
2 35 303
2 420 74
2 423 75
2 196 77
2 333 297
2 28 296
2 190 293
2 252 291
2 369 313
2 47 418
2 300 480
2 33 42
2 326 393
2 165 483
2 482 471
2 12 476
2 14 290
2 315 205
2 1 194
2 256 211
2 306 209
2 299 206
2 421 281
2 454 232
2 322 202
2 21 82
2 279 102
2 330 216
2 492 477
2 358 479
2 352 275
2 212 39
2 86 398
3 414 458 83
3 154 9 272
3 17 481 84
3 189 408 270
3 7 255 85
3 334 457 265
3 73 426 87
3 319 406 262
3 141 103 88
3 72 470 287
3 266 402 130
3 337 469 68
3 64 417 316
3 170 435 49
3 443 314 368
3 495 374 366
3 484 404 51
3 156 228 53
3 158 466 357
3 11 389 355
3 462 220 354
3 120 224 349
3 182 172 346
3 301 325 344
3 410 25 343
3 213 204 342
3 113 41 340
3 261 200 338
3 111 115 57
3 166 27 335
3 108 185 58
3 210 29 331
3 298 106 327
3 264 40 62
3 155 198 63
3 221 332 323
3 234 112 321
3 0 70 67
3 310 119 318
3 329 411 317
3 434 32 260
3 371 307 370
3 48 69 257
3 448 36 253
3 52 267 179
3 451 195 178
3 350 164 176
3 452 395 118
3 463 174 173
3 475 59 171
3 486 363 169
3 38 116 168
3 376 295 167
3 439 401 122
3 430 304 161
3 193 373 157
3 433 76 183
3 419 124 125
3 181 153 150
3 445 46 127
4 187 186 436 146
4 208 50 496 145
4 175 152 416 143
4 455 56 464 142
4 473 160 30 140
4 498 372 380 137
4 199 54 381 135
4 396 339 382 134
4 409 104 493 133
4 405 359 383 131
4 292 109 440 126
4 288 345 456 184
4 320 162 37 191
4 324 107 465 110
4 277 394 43 94
4 273 6 487 248
4 271 294 386 246
4 356 163 488 243
4 258 159 489 241
4 360 467 428 239
4 367 459 415 238
4 249 442 491 96
4 240 392 4 98
4 236 123 485 229
4 385 66 2 227
4 231 117 413 223
4 387 230 215 222
4 219 8 144 478
4 311 353 490 217
4 147 139 148 461
4 499 44 151 100
4 19 129 114 460
4 60 472 128 101
4 61 412 341 377
4 34 391 45 226
4 5 348 379 259
4 20 278 365 26
4 15 121 361 254
4 407 81 347 378
4 400 180 280 251
4 447 31 269 92
4 283 438 289 247
4 242 285 132 245
4 65 218 432 244
4 403 177 284 446
4 192 3 282 22
4 23 364 425 237
4 328 437 80 450
4 188 274 78 233
4 399 235 79 453
4 10 89 390 16
4 201 302 138 95
4 397 225 494 468
4 424 375 136 207
4 422 99 263 18
4 214 13 497 351
4 105 71 384 268
4 449 203 444 474
4 336 91 55 429
4 388 276 149 90
