1628
4 0 1 2 59
4 3 4 5 44
4 6 7 8 110
4 9 10 11 63
4 12 13 14 49
4 15 16 17 82
4 18 19 20 71
4 21 22 23 47
4 24 25 26 132
4 27 28 29 62
4 30 31 32 120
4 33 34 35 58
4 36 37 38 65
4 39 40 41 103
4 42 43 45 67
4 46 48 50 60
4 51 52 53 55
4 54 56 57 171
4 61 64 66 96
4 68 69 70 177
4 72 73 74 85
4 75 76 77 137
4 78 79 80 188
4 81 83 84 174
4 86 87 88 197
4 89 90 91 201
4 92 93 94 145
4 95 97 98 139
4 99 100 101 213
4 102 104 105 214
4 106 107 108 172
4 109 111 112 164
4 113 114 115 208
4 116 117 118 211
4 119 121 122 178
4 123 124 125 206
4 126 127 128 245
4 129 130 131 251
4 133 134 135 151
4 136 138 140 257
4 141 142 143 263
4 144 146 147 264
4 148 149 150 236
4 152 153 154 253
4 155 156 157 278
4 158 159 160 281
4 161 162 163 283
4 165 166 167 289
4 168 169 170 290
4 173 175 176 296
4 179 180 181 301
4 182 183 184 297
4 185 186 187 307
4 189 190 191 210
4 192 193 194 198
4 195 196 199 321
4 200 202 203 300
4 204 205 207 328
4 209 212 215 333
4 216 217 218 336
4 219 220 221 332
4 222 223 224 313
4 225 226 227 270
4 228 229 230 355
4 231 232 233 358
4 234 235 237 362
4 238 239 240 359
4 241 242 243 370
4 244 246 247 371
4 248 249 250 373
4 252 254 255 372
4 256 258 259 384
4 260 261 262 385
4 265 266 267 392
4 268 269 271 398
4 272 273 274 403
4 275 276 277 407
4 279 280 282 404
4 284 285 286 396
4 287 288 291 335
4 292 293 294 421
4 295 298 299 343
4 302 303 304 431
4 305 306 308 432
4 309 310 311 433
4 312 314 315 443
4 316 317 318 446
4 319 320 322 451
4 323 324 325 453
4 326 327 329 430
4 330 331 334 461
4 337 338 339 463
4 340 341 342 464
4 344 345 346 471
4 347 348 349 465
4 350 351 352 480
4 353 354 356 456
4 357 360 361 489
4 363 364 365 439
4 366 367 368 457
4 369 374 375 500
4 376 377 378 487
4 379 380 381 458
4 382 383 386 513
4 387 388 389 512
4 390 391 393 522
4 394 395 397 520
4 399 400 401 525
4 402 405 406 532
4 408 409 410 529
4 411 412 413 540
4 414 415 416 534
4 417 418 419 514
4 420 422 423 541
4 424 425 426 559
4 427 428 429 556
4 434 435 436 565
4 437 438 440 562
4 441 442 444 530
4 445 447 448 462
4 449 450 452 502
4 454 455 459 586
4 460 466 467 590
4 468 469 470 594
4 472 473 474 593
4 475 476 477 597
4 478 479 481 604
4 482 483 484 589
4 485 486 488 611
4 490 491 492 608
4 493 494 495 622
4 496 497 498 620
4 499 501 503 631
4 504 505 506 634
4 507 508 509 636
4 510 511 515 628
4 516 517 518 645
4 519 521 523 642
4 524 526 527 654
4 528 531 533 656
4 535 536 537 648
4 538 539 542 666
4 543 544 545 635
4 546 547 548 674
4 549 550 551 676
4 552 553 554 683
4 555 557 558 684
4 560 561 563 687
4 564 566 567 688
4 568 569 570 689
4 571 572 573 678
4 574 575 576 706
4 577 578 579 709
4 580 581 582 714
4 583 584 585 717
4 587 588 591 723
4 592 595 596 727
4 598 599 600 730
4 601 602 603 735
4 605 606 607 738
4 609 610 612 737
4 613 614 615 745
4 616 617 618 750
4 619 621 623 752
4 624 625 626 711
4 627 629 630 760
4 632 633 637 766
4 638 639 640 767
4 641 643 644 774
4 646 647 649 778
4 650 651 652 780
4 653 655 657 773
4 658 659 660 791
4 661 662 663 708
4 664 665 667 797
4 668 669 670 673
4 671 672 675 804
4 677 679 680 756
4 681 682 685 801
4 686 690 691 818
4 692 693 694 820
4 695 696 697 825
4 698 699 700 802
4 701 702 703 834
4 704 705 707 839
4 710 712 713 836
4 715 716 718 847
4 719 720 721 850
4 722 724 725 854
4 726 728 729 859
4 731 732 733 844
4 734 736 739 864
4 740 741 742 846
4 743 744 746 875
4 747 748 749 876
4 751 753 754 877
4 755 757 758 887
4 759 761 762 884
4 763 764 765 835
4 768 769 770 898
4 771 772 775 902
4 776 777 779 900
4 781 782 783 909
4 784 785 786 915
4 787 788 789 916
4 790 792 793 923
4 794 795 796 924
4 798 799 800 912
4 803 805 806 926
4 807 808 809 936
4 810 811 812 931
4 813 814 815 947
4 816 817 819 948
4 821 822 823 954
4 824 826 827 849
4 828 829 830 962
4 831 832 833 960
4 837 838 840 970
4 841 842 843 973
4 845 848 851 976
4 852 853 855 889
4 856 857 858 919
4 860 861 862 955
4 863 865 866 992
4 867 868 869 998
4 870 871 872 1001
4 873 874 878 1004
4 879 880 881 995
4 882 883 885 1013
4 886 888 890 1010
4 891 892 893 1015
4 894 895 896 1023
4 897 899 901 1021
4 903 904 905 968
4 906 907 908 1037
4 910 911 913 1040
4 914 917 918 1044
4 920 921 922 1050
4 925 927 928 1049
4 929 930 932 1056
4 933 934 935 1061
4 937 938 939 1047
4 940 941 942 1071
4 943 944 945 1073
4 946 949 950 1012
4 951 952 953 1081
4 956 957 958 1085
4 959 961 963 1090
4 964 965 966 1094
4 967 969 971 1096
4 972 974 975 1101
4 977 978 979 1100
4 980 981 982 1106
4 983 984 985 1114
4 986 987 988 1115
4 989 990 991 1116
4 993 994 996 1117
4 997 999 1000 1122
4 1002 1003 1005 1129
4 1006 1007 1008 1136
4 1009 1011 1014 1140
4 1016 1017 1018 1146
4 1019 1020 1022 1062
4 1024 1025 1026 1152
4 1027 1028 1029 1154
4 1030 1031 1032 1160
4 1033 1034 1035 1164
4 1036 1038 1039 1159
4 1041 1042 1043 1174
4 1045 1046 1048 1178
4 1051 1052 1053 1157
4 1054 1055 1057 1181
4 1058 1059 1060 1179
4 1063 1064 1065 1161
4 1066 1067 1068 1197
4 1069 1070 1072 1203
4 1074 1075 1076 1202
4 1077 1078 1079 1210
4 1080 1082 1083 1214
4 1084 1086 1087 1200
4 1088 1089 1091 1205
4 1092 1093 1095 1224
4 1097 1098 1099 1231
4 1102 1103 1104 1233
4 1105 1107 1108 1228
4 1109 1110 1111 1234
4 1112 1113 1118 1199
4 1119 1120 1121 1248
4 1123 1124 1125 1249
4 1126 1127 1128 1253
4 1130 1131 1132 1261
4 1133 1134 1135 1260
4 1137 1138 1139 1256
4 1141 1142 1143 1259
4 1144 1145 1147 1279
4 1148 1149 1150 1282
4 1151 1153 1155 1287
4 1156 1158 1162 1220
4 1163 1165 1166 1167
4 1168 1169 1170 1270
4 1171 1172 1173 1194
4 1175 1176 1177 1276
4 1180 1182 1183 1311
4 1184 1185 1186 1286
4 1187 1188 1189 1318
4 1190 1191 1192 1322
4 1193 1195 1196 1321
4 1198 1201 1204 1330
4 1206 1207 1208 1332
4 1209 1211 1212 1336
4 1213 1215 1216 1341
4 1217 1218 1219 1340
4 1221 1222 1223 1344
4 1225 1226 1227 1353
4 1229 1230 1232 1359
4 1235 1236 1237 1357
4 1238 1239 1240 1351
4 1241 1242 1243 1364
4 1244 1245 1246 1372
4 1247 1250 1251 1378
4 1252 1254 1255 1383
4 1257 1258 1262 1385
4 1263 1264 1265 1388
4 1266 1267 1268 1361
4 1269 1271 1272 1396
4 1273 1274 1275 1393
4 1277 1278 1280 1339
4 1281 1283 1284 1406
4 1285 1288 1289 1347
4 1290 1291 1292 1418
4 1293 1294 1295 1423
4 1296 1297 1298 1427
4 1299 1300 1301 1429
4 1302 1303 1304 1433
4 1305 1306 1307 1430
4 1308 1309 1310 1440
4 1312 1313 1314 1445
4 1315 1316 1317 1450
4 1319 1320 1323 1422
4 1324 1325 1326 1382
4 1327 1328 1329 1381
4 1331 1333 1334 1464
4 1335 1337 1338 1467
4 1342 1343 1345 1471
4 1346 1348 1349 1476
4 1350 1352 1354 1483
4 1355 1356 1358 1484
4 1360 1362 1363 1491
4 1365 1366 1367 1492
4 1368 1369 1370 1487
4 1371 1373 1374 1411
4 1375 1376 1377 1505
4 1379 1380 1384 1509
4 1386 1387 1389 1510
4 1390 1391 1392 1508
4 1394 1395 1397 1522
4 1398 1399 1400 1524
4 1401 1402 1403 1523
4 1404 1405 1407 1526
4 1408 1409 1410 1533
4 1412 1413 1414 1542
4 1415 1416 1417 1512
4 1419 1420 1421 1529
4 1424 1425 1426 1552
4 1428 1431 1432 1556
4 1434 1435 1436 1561
4 1437 1438 1439 1564
4 1441 1442 1443 1568
4 1444 1446 1447 1571
4 1448 1449 1451 1570
4 1452 1453 1454 1562
4 1455 1456 1457 1587
4 1458 1459 1460 1591
4 1461 1462 1463 1589
4 1465 1466 1468 1595
4 1469 1470 1472 1601
4 1473 1474 1475 1598
4 1477 1478 1479 1584
4 1480 1481 1482 1609
4 1485 1486 1488 1507
4 1489 1490 1493 1621
4 1494 1495 1496 1620
4 1497 1498 1499 1593
4 1500 1501 1502 1632
4 1503 1504 1506 1636
4 1511 1513 1514 1642
4 1515 1516 1517 1569
4 1518 1519 1520 1648
4 1521 1525 1527 1616
4 1528 1530 1531 1535
4 1532 1534 1536 1640
4 1537 1538 1539 1546
4 1540 1541 1543 1671
4 1544 1545 1547 1673
4 1548 1549 1550 1677
4 1551 1553 1554 1681
4 1555 1557 1558 1684
4 1559 1560 1563 1668
4 1565 1566 1567 1649
4 1572 1573 1574 1694
4 1575 1576 1577 1701
4 1578 1579 1580 1707
4 1581 1582 1583 1711
4 1585 1586 1588 1713
4 1590 1592 1594 1717
4 1596 1597 1599 1714
4 1600 1602 1603 1724
4 1604 1605 1606 1729
4 1607 1608 1610 1734
4 1611 1612 1613 1737
4 1614 1615 1617 1742
4 1618 1619 1622 1740
4 1623 1624 1625 1743
4 1626 1627 1628 1747
4 1629 1630 1631 1756
4 1633 1634 1635 1763
4 1637 1638 1639 1767
4 1641 1643 1644 1720
4 1645 1646 1647 1708
4 1650 1651 1652 1726
4 1653 1654 1655 1712
4 1656 1657 1658 1787
4 1659 1660 1661 1765
4 1662 1663 1664 1735
4 1665 1666 1667 1718
4 1669 1670 1672 1800
4 1674 1675 1676 1704
4 1678 1679 1680 1810
4 1682 1683 1685 1812
4 1686 1687 1688 1817
4 1689 1690 1691 1820
4 1692 1693 1695 1821
4 1696 1697 1698 1830
4 1699 1700 1702 1833
4 1703 1705 1706 1839
4 1709 1710 1715 1827
4 1716 1719 1721 1845
4 1722 1723 1725 1851
4 1727 1728 1730 1853
4 1731 1732 1733 1825
4 1736 1738 1739 1861
4 1741 1744 1745 1847
4 1746 1748 1749 1866
4 1750 1751 1752 1819
4 1753 1754 1755 1876
4 1757 1758 1759 1883
4 1760 1761 1762 1856
4 1764 1766 1768 1889
4 1769 1770 1771 1895
4 1772 1773 1774 1888
4 1775 1776 1777 1877
4 1778 1779 1780 1874
4 1781 1782 1783 1884
4 1784 1785 1786 1912
4 1788 1789 1790 1837
4 1791 1792 1793 1923
4 1794 1795 1796 1922
4 1797 1798 1799 1886
4 1801 1802 1803 1934
4 1804 1805 1806 1936
4 1807 1808 1809 1943
4 1811 1813 1814 1946
4 1815 1816 1818 1948
4 1822 1823 1824 1955
4 1826 1828 1829 1930
4 1831 1832 1834 1963
4 1835 1836 1838 1965
4 1840 1841 1842 1952
4 1843 1844 1846 1975
4 1848 1849 1850 1976
4 1852 1854 1855 1908
4 1857 1858 1859 1939
4 1860 1862 1863 1988
4 1864 1865 1867 1994
4 1868 1869 1870 1996
4 1871 1872 1873 1998
4 1875 1878 1879 2000
4 1880 1881 1882 2008
4 1885 1887 1890 2009
4 1891 1892 1893 2007
4 1894 1896 1897 2023
4 1898 1899 1900 2020
4 1901 1902 1903 2006
4 1904 1905 1906 2024
4 1907 1909 1910 2036
4 1911 1913 1914 2043
4 1915 1916 1917 2045
4 1918 1919 1920 2025
4 1921 1924 1925 2055
4 1926 1927 1928 2033
4 1929 1931 1932 2061
4 1933 1935 1937 2064
4 1938 1940 1941 2070
4 1942 1944 1945 2060
4 1947 1949 1950 2062
4 1951 1953 1954 2080
4 1956 1957 1958 2085
4 1959 1960 1961 2089
4 1962 1964 1966 2094
4 1967 1968 1969 2096
4 1970 1971 1972 2095
4 1973 1974 1977 2106
4 1978 1979 1980 2091
4 1981 1982 1983 2115
4 1984 1985 1986 2117
4 1987 1989 1990 2123
4 1991 1992 1993 2124
4 1995 1997 1999 2112
4 2001 2002 2003 2127
4 2004 2005 2010 2125
4 2011 2012 2013 2141
4 2014 2015 2016 2081
4 2017 2018 2019 2129
4 2021 2022 2026 2155
4 2027 2028 2029 2134
4 2030 2031 2032 2160
4 2034 2035 2037 2162
4 2038 2039 2040 2165
4 2041 2042 2044 2148
4 2046 2047 2048 2167
4 2049 2050 2051 2120
4 2052 2053 2054 2185
4 2056 2057 2058 2190
4 2059 2063 2065 2191
4 2066 2067 2068 2196
4 2069 2071 2072 2203
4 2073 2074 2075 2198
4 2076 2077 2078 2159
4 2079 2082 2083 2212
4 2084 2086 2087 2213
4 2088 2090 2092 2222
4 2093 2097 2098 2221
4 2099 2100 2101 2228
4 2102 2103 2104 2226
4 2105 2107 2108 2193
4 2109 2110 2111 2243
4 2113 2114 2116 2246
4 2118 2119 2121 2245
4 2122 2126 2128 2241
4 2130 2131 2132 2259
4 2133 2135 2136 2254
4 2137 2138 2139 2267
4 2140 2142 2143 2265
4 2144 2145 2146 2274
4 2147 2149 2150 2260
4 2151 2152 2153 2282
4 2154 2156 2157 2277
4 2158 2161 2163 2278
4 2164 2166 2168 2293
4 2169 2170 2171 2295
4 2172 2173 2174 2300
4 2175 2176 2177 2305
4 2178 2179 2180 2308
4 2181 2182 2183 2313
4 2184 2186 2187 2309
4 2188 2189 2192 2323
4 2194 2195 2197 2320
4 2199 2200 2201 2331
4 2202 2204 2205 2296
4 2206 2207 2208 2337
4 2209 2210 2211 2342
4 2214 2215 2216 2345
4 2217 2218 2219 2340
4 2220 2223 2224 2351
4 2225 2227 2229 2353
4 2230 2231 2232 2343
4 2233 2234 2235 2364
4 2236 2237 2238 2368
4 2239 2240 2242 2375
4 2244 2247 2248 2367
4 2249 2250 2251 2381
4 2252 2253 2255 2329
4 2256 2257 2258 2389
4 2261 2262 2263 2395
4 2264 2266 2268 2398
4 2269 2270 2271 2400
4 2272 2273 2275 2407
4 2276 2279 2280 2401
4 2281 2283 2284 2399
4 2285 2286 2287 2297
4 2288 2289 2290 2307
4 2291 2292 2294 2412
4 2298 2299 2301 2428
4 2302 2303 2304 2388
4 2306 2310 2311 2437
3 2312 2314 2358
3 2315 2316 2432
3 2317 2318 2422
3 2319 2321 2442
3 2322 2324 2328
3 2325 2326 2456
3 2327 2330 2459
3 2332 2333 2461
3 2334 2335 2457
3 2336 2338 2462
3 2339 2341 2467
3 2344 2346 2475
3 2347 2348 2469
3 2349 2350 2481
3 2352 2354 2484
3 2355 2356 2486
3 2357 2359 2489
3 2360 2361 2488
3 2362 2363 2490
3 2365 2366 2499
3 2369 2370 2495
3 2371 2372 2472
3 2373 2374 2506
3 2376 2377 2509
3 2378 2379 2514
3 2380 2382 2516
3 2383 2384 2402
3 2385 2386 2466
3 2387 2390 2417
3 2391 2392 2527
3 2393 2394 2529
3 2396 2397 2535
3 2403 2404 2536
3 2405 2406 2538
3 2408 2409 2544
3 2410 2411 2545
3 2413 2414 2548
3 2415 2416 2533
3 2418 2419 2555
3 2420 2421 2558
3 2423 2424 2531
3 2425 2426 2565
3 2427 2429 2566
3 2430 2431 2571
3 2433 2434 2572
3 2435 2436 2575
3 2438 2439 2573
3 2440 2441 2578
3 2443 2444 2584
3 2445 2446 2589
3 2447 2448 2585
3 2449 2450 2592
3 2451 2452 2598
3 2453 2454 2600
3 2455 2458 2590
3 2460 2463 2601
3 2464 2465 2604
3 2468 2470 2612
3 2471 2473 2595
3 2474 2476 2619
3 2477 2478 2596
3 2479 2480 2608
3 2482 2483 2628
3 2485 2487 2627
3 2491 2492 2632
3 2493 2494 2610
3 2496 2497 2629
3 2498 2500 2642
3 2501 2502 2634
3 2503 2504 2647
3 2505 2507 2652
3 2508 2510 2649
3 2511 2512 2570
3 2513 2515 2661
3 2517 2518 2582
3 2519 2520 2591
3 2521 2522 2669
3 2523 2524 2672
3 2525 2526 2674
3 2528 2530 2668
3 2532 2534 2671
3 2537 2539 2685
3 2540 2541 2687
3 2542 2543 2686
3 2546 2547 2694
3 2549 2550 2697
3 2551 2552 2683
3 2553 2554 2702
3 2556 2557 2705
3 2559 2560 2707
3 2561 2562 2712
3 2563 2564 2713
3 2567 2568 2718
3 2569 2574 2716
3 2576 2577 2723
3 2579 2580 2727
3 2581 2583 2728
3 2586 2587 2726
3 2588 2593 2736
3 2594 2597 2732
3 2599 2602 2741
3 2603 2605 2730
3 2606 2607 2746
3 2609 2611 2749
3 2613 2614 2752
3 2615 2616 2751
3 2617 2618 2759
3 2620 2621 2762
3 2622 2623 2766
3 2624 2625 2765
3 2626 2630 2772
3 2631 2633 2754
3 2635 2636 2776
3 2637 2638 2781
3 2639 2640 2783
3 2641 2643 2786
3 2644 2645 2785
3 2646 2648 2793
3 2650 2651 2795
3 2653 2654 2798
3 2655 2656 2802
3 2657 2658 2804
3 2659 2660 2806
3 2662 2663 2809
3 2664 2665 2814
3 2666 2667 2817
3 2670 2673 2819
3 2675 2676 2811
3 2677 2678 2799
3 2679 2680 2828
3 2681 2682 2824
3 2684 2688 2775
3 2689 2690 2836
3 2691 2692 2837
3 2693 2695 2843
3 2696 2698 2711
3 2699 2700 2848
3 2701 2703 2852
3 2704 2706 2854
3 2708 2709 2859
3 2710 2714 2861
3 2715 2717 2862
3 2719 2720 2750
3 2721 2722 2870
3 2724 2725 2872
3 2729 2731 2877
3 2733 2734 2879
3 2735 2737 2874
3 2738 2739 2875
3 2740 2742 2887
3 2743 2744 2881
3 2745 2747 2891
3 2748 2753 2892
3 2755 2756 2898
3 2757 2758 2903
3 2760 2761 2905
3 2763 2764 2907
3 2767 2768 2912
3 2769 2770 2911
3 2771 2773 2835
3 2774 2777 2922
3 2778 2779 2920
3 2780 2782 2927
3 2784 2787 2924
3 2788 2789 2932
3 2790 2791 2935
3 2792 2794 2939
3 2796 2797 2941
3 2800 2801 2944
3 2803 2805 2937
3 2807 2808 2952
3 2810 2812 2954
3 2813 2815 2957
3 2816 2818 2949
3 2820 2821 2964
3 2822 2823 2962
3 2825 2826 2968
3 2827 2829 2953
3 2830 2831 2956
3 2832 2833 2977
3 2834 2838 2982
3 2839 2840 2985
3 2841 2842 2983
3 2844 2845 2950
3 2846 2847 2994
3 2849 2850 2929
3 2851 2853 2999
3 2855 2856 3002
3 2857 2858 3001
3 2860 2863 3004
3 2864 2865 3011
3 2866 2867 3015
3 2868 2869 3012
3 2871 2873 3020
3 2876 2878 3024
3 2880 2882 3022
3 2883 2884 3028
3 2885 2886 3029
3 2888 2889 3031
3 2890 2893 3037
3 2894 2895 3042
3 2896 2897 3021
3 2899 2900 3047
3 2901 2902 3050
3 2904 2906 3052
3 2908 2909 3055
3 2910 2913 3060
3 2914 2915 3062
3 2916 2917 2946
3 2918 2919 3038
3 2921 2923 3072
3 2925 2926 3075
3 2928 2930 3078
3 2931 2933 2951
3 2934 2936 3083
3 2938 2940 3087
3 2942 2943 3089
3 2945 2947 3092
3 2948 2955 3096
3 2958 2959 3099
3 2960 2961 3097
3 2963 2965 3104
3 2966 2967 3106
3 2969 2970 3107
3 2971 2972 3114
3 2973 2974 3112
3 2975 2976 3120
3 2978 2979 3121
3 2980 2981 3126
3 2984 2986 3129
3 2987 2988 3132
3 2989 2990 3135
3 2991 2992 3137
3 2993 2995 3134
3 2996 2997 3142
3 2998 3000 3145
3 3003 3005 3149
3 3006 3007 3153
3 3008 3009 3155
3 3010 3013 3136
3 3014 3016 3127
3 3017 3018 3105
3 3019 3023 3167
3 3025 3026 3170
3 3027 3030 3141
3 3032 3033 3176
3 3034 3035 3123
3 3036 3039 3146
3 3040 3041 3161
3 3043 3044 3188
3 3045 3046 3174
3 3048 3049 3125
3 3051 3053 3196
3 3054 3056 3147
3 3057 3058 3203
3 3059 3061 3131
3 3063 3064 3076
3 3065 3066 3212
3 3067 3068 3214
3 3069 3070 3216
3 3071 3073 3085
3 3074 3077 3223
3 3079 3080 3228
3 3081 3082 3229
3 3084 3086 3226
3 3088 3090 3235
3 3091 3093 3239
3 3094 3095 3233
3 3098 3100 3244
3 3101 3102 3248
3 3103 3108 3246
3 3109 3110 3253
3 3111 3113 3257
3 3115 3116 3258
3 3117 3118 3263
3 3119 3122 3261
3 3124 3128 3265
3 3130 3133 3273
3 3138 3139 3272
3 3140 3143 3271
3 3144 3148 3278
3 3150 3151 3276
3 3152 3154 3280
3 3156 3157 3274
3 3158 3159 3293
3 3160 3162 3295
3 3163 3164 3297
3 3165 3166 3302
3 3168 3169 3306
3 3171 3172 3309
3 3173 3175 3308
3 3177 3178 3299
3 3179 3180 3311
3 3181 3182 3318
3 3183 3184 3323
3 3185 3186 3322
3 3187 3189 3330
3 3190 3191 3332
3 3192 3193 3316
3 3194 3195 3337
3 3197 3198 3339
3 3199 3200 3344
3 3201 3202 3347
3 3204 3205 3324
3 3206 3207 3352
3 3208 3209 3357
3 3210 3211 3356
3 3213 3215 3362
3 3217 3218 3364
3 3219 3220 3368
3 3221 3222 3367
3 3224 3225 3375
3 3227 3230 3376
3 3231 3232 3379
3 3234 3236 3371
3 3237 3238 3370
3 3240 3241 3355
3 3242 3243 3281
3 3245 3247 3396
3 3249 3250 3262
3 3251 3252 3402
3 3254 3255 3300
3 3256 3259 3407
3 3260 3264 3334
3 3266 3267 3412
3 3268 3269 3381
3 3270 3275 3420
3 3277 3279 3422
3 3282 3283 3312
3 3284 3285 3428
3 3286 3287 3431
3 3288 3289 3401
3 3290 3291 3437
3 3292 3294 3439
3 3296 3298 3443
3 3301 3303 3442
3 3304 3305 3449
3 3307 3310 3451
3 3313 3314 3411
3 3315 3317 3457
3 3319 3320 3445
3 3321 3325 3463
3 3326 3327 3424
3 3328 3329 3353
3 3331 3333 3473
3 3335 3336 3475
3 3338 3340 3480
3 3341 3342 3482
3 3343 3345 3484
3 3346 3348 3485
3 3349 3350 3491
3 3351 3354 3438
3 3358 3359 3496
3 3360 3361 3499
3 3363 3365 3498
3 3366 3369 3505
3 3372 3373 3508
3 3374 3377 3511
3 3378 3380 3516
3 3382 3383 3519
3 3384 3385 3518
3 3386 3387 3517
3 3388 3389 3526
3 3390 3391 3527
3 3392 3393 3531
3 3394 3395 3515
3 3397 3398 3540
3 3399 3400 3542
3 3403 3404 3544
3 3405 3406 3543
3 3408 3409 3509
3 3410 3413 3553
3 3414 3415 3557
3 3416 3417 3561
3 3418 3419 3558
3 3421 3423 3566
3 3425 3426 3567
3 3427 3429 3573
3 3430 3432 3559
3 3433 3434 3579
3 3435 3436 3582
3 3440 3441 3583
3 3444 3446 3564
3 3447 3448 3563
3 3450 3452 3593
3 3453 3454 3595
3 3455 3456 3596
3 3458 3459 3590
3 3460 3461 3555
3 3462 3464 3607
3 3465 3466 3608
3 3467 3468 3581
3 3469 3470 3618
3 3471 3472 3617
3 3474 3476 3621
3 3477 3478 3626
3 3479 3481 3629
3 3483 3486 3632
3 3487 3488 3504
3 3489 3490 3513
3 3492 3493 3641
3 3494 3495 3547
3 3497 3500 3647
3 3501 3502 3648
3 3503 3506 3654
3 3507 3510 3656
3 3512 3514 3655
3 3520 3521 3657
3 3522 3523 3651
3 3524 3525 3665
3 3528 3529 3672
3 3530 3532 3673
3 3533 3534 3678
3 3535 3536 3674
3 3537 3538 3677
3 3539 3541 3686
3 3545 3546 3689
3 3548 3549 3691
3 3550 3551 3692
3 3552 3554 3697
3 3556 3560 3694
3 3562 3565 3704
3 3568 3569 3708
3 3570 3571 3681
3 3572 3574 3679
3 3575 3576 3715
3 3577 3578 3718
3 3580 3584 3698
3 3585 3586 3724
3 3587 3588 3728
3 3589 3591 3730
3 3592 3594 3615
3 3597 3598 3736
3 3599 3600 3664
3 3601 3602 3743
3 3603 3604 3745
3 3605 3606 3750
3 3609 3610 3746
3 3611 3612 3749
3 3613 3614 3757
3 3616 3619 3760
3 3620 3622 3765
3 3623 3624 3761
3 3625 3627 3769
3 3628 3630 3773
3 3631 3633 3775
3 3634 3635 3748
3 3636 3637 3781
3 3638 3639 3747
3 3640 3642 3789
3 3643 3644 3792
3 3645 3646 3795
3 3649 3650 3791
3 3652 3653 3793
3 3658 3659 3802
3 3660 3661 3806
3 3662 3663 3808
3 3666 3667 3811
3 3668 3669 3809
3 3670 3671 3818
3 3675 3676 3822
3 3680 3682 3825
3 3683 3684 3828
3 3685 3687 3830
3 3688 3690 3834
3 3693 3695 3824
3 3696 3699 3840
3 3700 3701 3842
3 3702 3703 3844
3 3705 3706 3845
3 3707 3709 3839
3 3710 3711 3853
3 3712 3713 3857
3 3714 3716 3841
3 3717 3719 3838
3 3720 3721 3782
3 3722 3723 3869
3 3725 3726 3870
3 3727 3729 3875
3 3731 3732 3877
3 3733 3734 3882
3 3735 3737 3885
3 3738 3739 3887
3 3740 3741 3889
3 3742 3744 3892
3 3751 3752 3896
3 3753 3754 3899
3 3755 3756 3891
3 3758 3759 3904
3 3762 3763 3905
3 3764 3766 3895
3 3767 3768 3913
3 3770 3771 3912
3 3772 3774 3906
3 3776 3777 3924
3 3778 3779 3914
3 3780 3783 3894
3 3784 3785 3932
3 3786 3787 3926
3 3788 3790 3939
3 3794 3796 3942
3 3797 3798 3940
3 3799 3800 3944
3 3801 3803 3950
3 3804 3805 3945
3 3807 3810 3956
3 3812 3813 3951
3 3814 3815 3903
3 3816 3817 3966
3 3819 3820 3969
3 3821 3823 3972
3 3826 3827 3973
3 3829 3831 3978
3 3832 3833 3980
3 3835 3836 3983
3 3837 3843 3987
3 3846 3847 3985
3 3848 3849 3991
3 3850 3851 3902
3 3852 3854 3997
3 3855 3856 4000
3 3858 3859 4004
3 3860 3861 3911
3 3862 3863 4011
3 3864 3865 3930
3 3866 3867 4016
3 3868 3871 3880
3 3872 3873 4001
3 3874 3876 4026
3 3878 3879 3883
3 3881 3884 4031
3 3886 3888 4030
3 3890 3893 4036
3 3897 3898 4041
3 3900 3901 4044
3 3907 3908 4043
3 3909 3910 4038
3 3915 3916 4052
3 3917 3918 4054
2 3919 4058
2 3920 4055
2 3921 4057
2 3922 4064
2 3923 4066
2 3925 4046
2 3927 4069
2 3928 4047
2 3929 4074
2 3931 4076
2 3933 4078
2 3934 4079
2 3935 3965
2 3936 3947
2 3937 3941
2 3938 4088
2 3943 4090
2 3946 4091
2 3948 4093
2 3949 4089
2 3952 4092
2 3953 4100
2 3954 4102
2 3955 4104
2 3957 4106
2 3958 4097
2 3959 4099
2 3960 4112
2 3961 4095
2 3962 4116
2 3963 4094
2 3964 4107
2 3967 4032
2 3968 4124
2 3970 4126
2 3971 4103
2 3974 3984
2 3975 4131
2 3976 4134
2 3977 4135
2 3979 4137
2 3981 4139
2 3982 4141
2 3986 4144
2 3988 4136
2 3989 4147
2 3990 4150
2 3992 4151
2 3993 4149
2 3994 4155
2 3995 4156
2 3996 4143
2 3998 4161
2 3999 4164
2 4002 4163
2 4003 4167
2 4005 4170
2 4006 4172
2 4007 4173
2 4008 4176
2 4009 4175
2 4010 4179
2 4012 4063
2 4013 4098
2 4014 4185
2 4015 4187
2 4017 4188
2 4018 4019
2 4020 4194
2 4021 4196
2 4022 4197
2 4023 4200
2 4024 4202
2 4025 4193
2 4027 4206
2 4028 4208
2 4029 4048
2 4033 4211
2 4034 4214
2 4035 4215
2 4037 4217
2 4039 4220
2 4040 4222
2 4042 4221
2 4045 4226
2 4049 4228
2 4050 4230
2 4051 4224
2 4053 4233
2 4056 4235
2 4059 4238
2 4060 4240
2 4061 4237
2 4062 4244
2 4065 4245
2 4067 4248
2 4068 4246
2 4070 4249
2 4071 4254
2 4072 4255
2 4073 4232
2 4075 4259
2 4077 4260
2 4080 4262
2 4081 4236
2 4082 4267
2 4083 4209
2 4084 4132
2 4085 4273
2 4086 4174
2 4087 4252
2 4096 4279
2 4101 4251
2 4105 4284
2 4108 4286
2 4109 4285
2 4110 4290
2 4111 4292
2 4113 4293
2 4114 4291
2 4115 4298
2 4117 4297
2 4118 4301
2 4119 4283
2 4120 4305
2 4121 4307
2 4122 4308
2 4123 4311
2 4125 4314
2 4127 4312
2 4128 4318
2 4129 4320
2 4130 4322
2 4133 4323
2 4138 4325
2 4140 4328
2 4142 4330
2 4145 4331
2 4146 4333
2 4148 4335
2 4152 4337
2 4153 4340
2 4154 4339
2 4157 4344
2 4158 4165
2 4159 4231
2 4160 4263
2 4162 4351
2 4166 4352
2 4168 4355
2 4169 4357
2 4171 4359
2 4177 4361
2 4178 4363
2 4180 4358
2 4181 4367
2 4182 4369
2 4183 4371
2 4184 4374
2 4186 4375
2 4189 4356
2 4190 4372
2 4191 4381
2 4192 4376
2 4195 4386
2 4198 4387
2 4199 4390
2 4201 4392
2 4203 4394
2 4204 4388
2 4205 4398
2 4207 4400
2 4210 4402
2 4212 4399
2 4213 4405
2 4216 4406
2 4218 4410
2 4219 4412
2 4223 4407
2 4225 4415
2 4227 4403
2 4229 4419
2 4234 4379
2 4239 4354
2 4241 4425
2 4242 4428
2 4243 4430
2 4247 4427
2 4250 4434
2 4253 4435
2 4256 4438
2 4257 4439
2 4258 4442
2 4261 4440
2 4264 4426
2 4265 4447
2 4266 4449
2 4268 4452
2 4269 4451
2 4270 4456
2 4271 4453
2 4272 4450
2 4274 4461
2 4275 4457
2 4276 4465
2 4277 4467
2 4278 4469
2 4280 4468
2 4281 4473
2 4282 4475
2 4287 4477
2 4288 4480
2 4289 4474
2 4294 4478
2 4295 4482
2 4296 4488
2 4299 4490
2 4300 4491
2 4302 4489
2 4303 4496
2 4304 4498
2 4306 4495
2 4309 4502
2 4310 4504
2 4313 4506
2 4315 4501
2 4316 4509
2 4317 4511
2 4319 4514
2 4321 4516
2 4324 4479
2 4326 4487
2 4327 4521
2 4329 4524
2 4332 4522
2 4334 4527
2 4336 4529
2 4338 4532
2 4341 4534
2 4342 4508
2 4343 4537
2 4345 4538
2 4346 4518
2 4347 4544
2 4348 4546
2 4349 4535
2 4350 4550
2 4353 4551
2 4360 4549
2 4362 4555
2 4364 4557
2 4365 4559
2 4366 4561
2 4368 4554
2 4370 4565
2 4373 4567
2 4377 4562
2 4378 4572
2 4380 4574
2 4382 4573
2 4383 4578
2 4384 4579
2 4385 4582
2 4389 4558
2 4391 4564
2 4393 4553
2 4395 4577
2 4396 4592
2 4397 4523
2 4401 4595
2 4404 4596
2 4408 4600
2 4409 4599
2 4411 4604
2 4413 4605
2 4414 4607
2 4416 4598
2 4417 4611
2 4418 4613
2 4420 4470
2 4421 4617
2 4422 4619
2 4423 4621
2 4424 4623
2 4429 4588
2 4431 4627
2 4432 4630
2 4433 4631
2 4436 4628
2 4437 4636
2 4441 4637
2 4443 4638
2 4444 4639
2 4445 4644
2 4446 4640
2 4448 4635
2 4454 4649
2 4455 4650
2 4458 4653
2 4459 4655
2 4460 4657
2 4462 4656
2 4463 4661
2 4464 4663
2 4466 4659
2 4471 4668
2 4472 4670
2 4476 4671
2 4481 4662
2 4483 4669
2 4484 4678
2 4485 4679
2 4486 4646
2 4492 4634
2 4493 4685
2 4494 4688
2 4497 4690
2 4499 4692
2 4500 4689
2 4503 4695
2 4505 4696
2 4507 4694
2 4510 4702
2 4512 4703
2 4513 4706
2 4515 4704
2 4517 4708
2 4519 4711
2 4520 4713
2 4525 4716
2 4526 4717
2 4528 4720
2 4530 4714
2 4531 4723
2 4533 4725
2 4536 4727
2 4539 4693
2 4540 4731
2 4541 4726
2 4542 4736
2 4543 4709
2 4545 4633
2 4547 4742
2 4548 4632
2 4552 4746
2 4556 4747
2 4560 4750
2 4563 4664
2 4566 4675
2 4568 4734
2 4569 4651
2 4570 4758
2 4571 4732
2 4575 4724
2 4576 4766
2 4580 4767
2 4581 4699
2 4583 4771
2 4584 4774
2 4585 4773
2 4586 4777
2 4587 4775
2 4589 4770
2 4590 4783
2 4591 4786
2 4593 4788
2 4594 4790
2 4597 4792
2 4601 4787
2 4602 4796
2 4603 4798
2 4606 4789
2 4608 4801
2 4609 4804
2 4610 4791
2 4612 4808
2 4614 4810
2 4615 4811
2 4616 4814
2 4618 4807
2 4620 4818
2 4622 4793
2 4624 4822
2 4625 4823
2 4626 4826
2 4629 4691
2 4641 4830
2 4642 4821
2 4643 4833
2 4645 4705
2 4647 4837
2 4648 4839
2 4652 4841
2 4654 4840
2 4658 4842
2 4660 4848
2 4665 4847
2 4666 4845
2 4667 4843
2 4672 4855
2 4673 4857
2 4674 4859
2 4676 4861
2 4677 4863
2 4680 4865
2 4681 4867
2 4682 4870
2 4683 4871
2 4684 4874
2 4686 4875
2 4687 4858
2 4697 4879
2 4698 4877
2 4700 4884
2 4701 4886
2 4707 4883
2 4710 4887
2 4712 4880
2 4715 4856
2 4718 4892
2 4719 4898
2 4721 4894
2 4722 4902
2 4728 4904
2 4729 4882
2 4730 4907
2 4733 4910
2 4735 4912
2 4737 4914
2 4738 4916
2 4739 4917
2 4740 4918
2 4741 4922
2 4743 4906
2 4744 4925
2 4745 4926
2 4748 4860
2 4749 4932
2 4751 4933
2 4752 4935
2 4753 4891
2 4754 4940
2 4755 4942
2 4756 4943
2 4757 4946
2 4759 4948
2 4760 4949
2 4761 4951
2 4762 4953
2 4763 4939
2 4764 4957
2 4765 4959
2 4768 4961
2 4769 4964
2 4772 4965
2 4776 4960
2 4778 4958
2 4779 4969
2 4780 4950
2 4781 4975
2 4782 4977
2 4784 4979
2 4785 4982
2 4794 4983
2 4795 4981
2 4797 4986
2 4799 4990
2 4800 4989
2 4802 4992
2 4803 4995
2 4805 4997
2 4806 4994
2 4809 5001
2 4812 4996
2 4813 5006
2 4815 5007
2 4816 5005
2 4817 4978
2 4819 5013
2 4820 4972
2 4824 5017
2 4825 5020
2 4827 5019
2 4828 5024
2 4829 5026
2 4831 5028
2 4832 4890
2 4834 4952
2 4835 4899
2 4836 5035
2 4838 4876
2 4844 5040
2 4846 5042
2 4849 5044
2 4850 5046
2 4851 5048
2 4852 5047
2 4853 5052
2 4854 5043
2 4862 5056
2 4864 5058
2 4866 5059
2 4868 5061
2 4869 5041
